fiscal_year,quarter,direct_loans,direct_loan_recipients,ffel,ffel_recipients,perkins_loans,perkins_recipients,total_outstanding,undup_recipients
2007,NA,106.8,7,401.9,22.6,8.199999999999998,2.8,516,28.3
2008,NA,122.5,7.7,446.5,23.7,8.5,2.9,577,29.9
2009,NA,154.9,9.2,493.3,25,8.699999999999998,3,657,32.1
2010,NA,224.5,14.4,516.7,25.1,8.4,2.9,749.8,34.3
2011,NA,350.1,19.4,489.8,23.8,8.3,2.9,848.2,36.5
2012,NA,488.3,22.8,451.7,22.4,8.199999999999998,2.9,948.2,38.3
2013,Q1,508.7,23.4,444.9,22.1,8.199999999999998,3,961.9,38.7
NA,Q2,553,24.1,437,21.6,8.3,3,998.6,38.9
NA,Q3,569.2,24.3,429.5,21.2,8.199999999999998,2.9,1006.8,38.7
NA,Q4,609.1,25.6,423,20.9,8.1,2.9,1040.2,39.6
2014,Q1,626.5,26.2,417.1,20.6,8.199999999999998,3,1051.8,40
NA,Q2,669,26.5,409.7,20.2,8.3,3,1087,40
NA,Q3,685.7,26.7,402.5,19.8,8.199999999999998,2.9,1096.5,39.9
NA,Q4,726.6,27.9,395,19.4,8.199999999999998,2.9,1129.8,40.7
2015,Q1,744.3,28.5,387.6,19.1,8.199999999999998,3,1140.1,41.1
NA,Q2,787,28.7,379.1,18.6,8.3,2.9,1174.4,41
NA,Q3,803.1,28.8,370.9,18.2,8.199999999999998,2.9,1182.1,40.8
NA,Q4,840.7,29.9,363.6,17.9,8.1,2.8,1212.4,41.6
2016,Q1,854.8,30.3,357.3,17.5,8.1,2.9,1220.3,41.8
NA,Q2,896.6,30.5,350.2,17.2,8.199999999999998,2.8,1254.9,41.7
NA,Q3,911.6,30.5,342.6,16.8,8,2.7,1262.2,41.5
NA,Q4,949.1,31.5,335.2,16.4,7.9,2.7,1292.2,42.3
2017,Q1,963.5,31.9,328.3,16.1,7.9,2.7,1299.7,42.4
NA,Q2,1003.3,32.1,320.5,15.7,7.9,2.6,1331.7,42.3
NA,Q3,1017,32,312.6,15.2,7.8,2.6,1337.4,42
NA,Q4,1053.5,33,305.8,14.9,7.6,2.5,1366.9,42.6
2018,Q1,1066.8,33.3,301.1,14.5,7.6,2.5,1375.5,42.8
NA,Q2,1104,33.4,295.5,14.2,7.6,2.5,1407.1,42.6
NA,Q3,1116,33.3,288.6,13.8,7.4,2.4,1412,42.2
NA,Q4,1150.3,34.2,281.8,13.5,7.1,2.3,1439.2,42.9
2019,Q1,1163.3,34.5,277,13.1,6.9,2.2,1447.1,43
NA,Q2,1198.4,34.5,271.6,12.8,6.6,2.2,1476.6,42.8
NA,Q3,1208.8,34.3,266,12.4,6.3,2.1,1481.1,42.2
NA,Q4,1242.6,35.1,261.6,12.1,6.1,2,1510.3,42.9
2020,Q1,1251.9,35.3,257.2,11.8,5.9,1.9,1515,42.8
NA,Q2,1284.7,35.3,252.4,11.5,5.6,1.9,1542.7,42.6
NA,Q3,1290.6,35.2,248.7,11.2,5.38,1.8,1544.8,42.3
